ch130.tsp
GREEDY
7579
7451
8268
7129
8222
8110
7480
7358
7392
8104
7684
7341
8615
8101
7647
7810
8015
7489
8089
7421
8251
8307
8000
7594
7506
7896
7593
7562
7437
7395
8029
7512
7580
7982
7331
7529
8305
7431
7662
8324
7658
7441
8087
7690
7664
7457
8325
7779
8280
7538
7660
7430
8413
7206
8082
7533
7386
8274
7602
8504
7612
7790
7792
7915
7383
8472
8624
7465
7943
7859
7645
8385
7229
7261
7277
8180
7196
7275
7431
7441
7366
7385
7718
7530
8837
7747
7342
7951
7613
8472
7572
7527
8159
7595
7425
8611
7509
7726
7228
7505
7385
8236
7192
7577
7778
7582
8081
7363
7623
7584
7379
8164
7498
7360
7547
7497
8173
7423
7540
7698
7623
7825
7381
7703
8482
7307
7498
7782
8211
7642
------------------------------------------
a280.tsp
GREEDY
3157
3203
3161
3177
3110
3109
3169
3171
3125
3125
3118
3116
3121
3129
3147
3156
3108
3127
3286
3271
3147
3220
3190
3169
3169
3235
3230
3153
3147
3264
3151
3162
3115
3309
3189
3204
3199
3198
3196
3297
3283
3253
3240
3302
3286
3211
3212
3213
3211
3225
3235
3224
3226
3226
3225
3335
3316
3313
3299
3255
3242
3188
3257
3301
3301
3252
3196
3324
3200
3273
3335
3267
3257
3246
3247
3300
3320
3229
3214
3163
3257
3251
3250
3260
3307
3270
3256
3240
3250
3210
3241
3208
3235
3211
3226
3259
3249
3243
3218
3220
3225
3174
3166
3186
3175
3171
3203
3257
3205
3262
3229
3222
3254
3224
3230
3261
3225
3242
3269
3252
3327
3238
3236
3239
3260
3123
3183
3144
3146
3150
3275
3113
3183
3087
3087
3087
3087
3090
3087
3106
3114
3118
3091
3081
3106
3127
3122
3097
3133
3142
3134
3221
3022
3229
3251
3270
3272
3063
3053
3043
3184
3021
2998
2998
3006
3309
3205
3065
3176
3320
3197
3197
3169
3181
3021
3117
3132
2992
2975
3117
3114
3116
3118
2982
2987
2976
2992
3078
2989
2986
2990
2990
3041
3095
3096
3104
3089
3088
3168
3092
3099
3101
3112
3126
3098
3352
3076
3107
3087
3114
3152
3081
3070
3151
3151
3076
3066
3159
3169
3073
3065
3185
3142
3170
3141
3143
3143
3154
3137
3145
3155
3171
3157
3161
3161
3172
3147
3168
3173
3178
3169
3186
3181
3179
3159
3156
3169
3165
3184
3159
3148
3122
3102
3091
3097
3110
3087
3408
3120
3123
3403
3387
3126
3113
3090
3094
3088
3093
3093
3100
3105
3417
3202
3193
3157
3196
3171
3127
3196
3210
------------------------------------------
