BV
---------------------
16483
22 9 2 2 10 10 6 23 22 21 22 16 16 16 
8 9 14 17 7 2 11 11 18 11 11 2 17 17 
1 11 18 11 18 13 15 15 18 11 8 9 8 9 
12 12 12 12 16 18 1 24 20 3 12 24 18 16 
24 14 7 14 15 15 5 1 10 4 14 25 15 6 
10 5 2 2 19 2 19 7 17 23 2 23 6 6 

27863
33 34 19 38 15 15 15 15 15 2 15 36 22 36 
24 35 13 28 28 10 10 17 16 11 28 28 9 9 
12 26 22 3 18 18 38 38 17 20 21 19 20 22 
1 36 36 19 19 19 36 1 36 36 36 36 36 36 
5 5 9 27 22 20 26 22 27 5 37 18 35 37 
23 32 24 31 31 14 5 9 13 10 7 16 24 7 
29 29 26 20 22 22 20 22 6 24 16 16 24 16 
29 28 30 25 9 21 18 30 4 30 28 28 25 3 
6 9 7 8 8 18 8 2 1 13 35 26 1 10 

39490
19 47 11 50 11 28 4 12 18 36 22 12 11 34 
21 36 24 13 11 10 26 45 5 35 5 5 5 37 
29 41 38 34 11 50 46 39 39 47 46 2 2 18 
44 44 2 36 5 43 28 28 9 28 8 15 15 7 
23 11 47 41 33 25 33 6 21 40 40 23 13 13 
23 13 23 13 24 48 26 46 3 5 6 8 12 12 
20 20 38 41 41 14 39 20 39 47 46 39 20 50 
31 37 8 32 18 12 11 47 35 49 35 49 18 18 
44 21 40 21 36 15 22 22 37 37 3 3 19 12 
23 37 27 17 13 13 13 42 9 24 44 2 46 48 
1 20 38 20 50 50 38 3 36 46 18 23 8 8 
17 25 11 11 27 47 33 25 5 16 12 3 6 9 

---------------------
BA - n*5000
---------------------
28476	65448
53101	104051
77511	110004
---------------------
27298	70915
55415	96158
77647	24664
---------------------
28730	46074
54524	79272
76431	8518
---------------------
28232	48480
53435	172514
73012	157174
---------------------
27044	123119
53419	184945
76267	131565
---------------------
---------------------
BL - n*5000
---------------------
6815	27727
14523	82335
16349	227521
---------------------
6105	115063
14246	172129
17720	249841
---------------------
6997	124246
14549	185440
16668	166585
---------------------
7533	100229
13235	135978
17240	239449
---------------------
7335	120170
12798	122019
16317	195132
---------------------
---------------------
ES - n*5000
---------------------
5004	123713
11149	188031
15470	247445
---------------------
6048	123737
11812	188019
14746	247491
---------------------
5546	123713
10732	187923
14616	247499
---------------------
6378	123737
10988	188045
14580	247255
---------------------
5394	123725
13670	188053
15927	247495
---------------------
---------------------
BT - n*5000
---------------------
7401	120263
13353	84486
17900	203034
---------------------
6008	112509
13750	95758
15960	211908
---------------------
6135	100008
13404	171009
16074	240024
---------------------
6689	100008
12406	171009
16606	118862
---------------------
6165	113886
13442	168692
17718	123296
---------------------
---------------------
GRASP-BL - n*5000
---------------------
5568	899378
11608	678204
13831	1885078
---------------------
4689	63046
11441	1011303
14220	993060
---------------------
5229	740831
10459	332917
14217	881308
---------------------
4763	897402
10558	1371664
13308	1945993
---------------------
5452	590557
10725	132866
14078	1242386
---------------------
---------------------
GRASP-ES - n*5000
---------------------
4568	618665
10076	940504
11303	742461
---------------------
4009	618747
10321	1692907
12826	1237417
---------------------
4495	247375
9422	1504801
11718	1979975
---------------------
4482	990005
9681	1881001
12386	247487
---------------------
4722	1113739
9572	1316679
11811	1979979
---------------------
---------------------
GRASP-BT - n*5000
---------------------
7526	251498
17283	211045
23509	507825
---------------------
7043	127254
15321	1149776
20515	505268
---------------------
7390	375562
15781	572467
22882	274619
---------------------
7760	1149
17516	385644
21432	1756339
---------------------
6718	877263
17120	1347306
22178	1010980
---------------------
---------------------
ILS-BL - n*5000
---------------------
5030	828968
11688	878344
14887	1564523
---------------------
4996	327109
12305	1717340
15103	2305284
---------------------
5795	805485
10416	1552666
13947	1745138
---------------------
6226	1205894
10448	1727288
14431	2485773
---------------------
6212	784609
11337	596530
16574	1542254
---------------------
---------------------
ILS-ES - n*5000
---------------------
4359	1113755
9482	940365
12246	1484895
---------------------
4840	1237501
10314	1880965
10956	1979943
---------------------
4210	494963
10403	564295
11514	2474891
---------------------
4588	1113733
10245	1880889
12227	2227505
---------------------
4246	990006
9905	1316687
12502	2474733
---------------------
---------------------
ILS-BT - n*5000
---------------------
23425	1129178
45810	1335041
64577	2283874
---------------------
21485	1127718
42712	1520221
72211	2256511
---------------------
26539	1126829
52041	1721572
69351	2261439
---------------------
21625	1126484
50889	1721049
73776	2251916
---------------------
20404	1000998
48646	1726502
67057	2252887
---------------------
---------------------