GG-OX-M1 - n*5000
---------------------
6473	111533
13827	136969
15218	222118
---------------------
6731	120597
14433	102498
15999	231648
---------------------
6082	68349
13188	148303
16156	237023
---------------------
6361	121032
11890	189471
15093	239671
---------------------
6400	108026
14192	165115
15907	214668
---------------------
---------------------
GG-OX-M2 - n*5000
---------------------
6707	75808
15723	170672
21206	240493
---------------------
8385	123554
16003	108185
22346	183923
---------------------
7713	19003
18497	131312
21557	43990
---------------------
6191	51571
15199	94521
18268	233196
---------------------
8229	118660
18105	158504
20729	224067
---------------------
---------------------
GG-AEX-M1 - n*5000
---------------------
6073	86228
15529	186385
16929	204433
---------------------
7227	24585
14291	128183
18677	224495
---------------------
5750	85619
14420	171115
15268	233144
---------------------
6201	81393
13559	181263
17278	232282
---------------------
7621	110069
14438	162622
17073	235793
---------------------
---------------------
GG-AEX-M2 - n*5000
---------------------
7420	77180
18231	115597
20030	239235
---------------------
7620	81088
17440	119664
21338	202315
---------------------
8744	103183
17267	75434
23538	106724
---------------------
6881	15558
16717	180458
21788	108907
---------------------
8362	67576
15333	186284
22852	245744
---------------------
---------------------
MM-OX-AM-1-0.2 - n*80
---------------------
5176	957
12669	1702
13438	2056
---------------------
6084	429
11661	1879
15859	3557
---------------------
5238	1811
11532	2088
15726	3492
---------------------
4431	1439
11855	1472
15089	3440
---------------------
5597	767
11580	1769
16331	1111
---------------------
---------------------
MM-OX-AM-10-1.0 - n*80
---------------------
4970	1330
11071	1683
14361	892
---------------------
5525	864
10869	1072
12249	3447
---------------------
4715	1711
11478	439
14244	462
---------------------
6688	464
11803	459
13076	1728
---------------------
4662	1245
11153	1
13404	3444
---------------------
---------------------
MM-AEX-AM-1-0.2 - n*80
---------------------
5186	834
13506	1214
14876	3568
---------------------
5934	488
13997	1525
15286	857
---------------------
6444	167
12923	1834
13700	3192
---------------------
6758	1
13150	1
17442	1616
---------------------
6116	30
13192	101
17161	1463
---------------------
---------------------
MM-AEX-AM-10-1.0 - n*80
---------------------
5547	466
12038	855
14334	1754
---------------------
6643	463
10831	1707
14215	808
---------------------
6387	447
11500	316
17245	473
---------------------
5827	1089
11289	2126
14203	848
---------------------
6755	904
11550	414
14593	1281
---------------------
---------------------
